1
4
6
9
10
14
15
16
21
22
24
25
26
33
34
35
36
38
39
40
46
49
51
54
55
56
57
58
60
62
64
65
69
74
77
81
82
84
85
86
87
88
90
91
93
94
95
96
100
104
106
111
115
118
119
121
122
123
126
129
132
133
134
135
136
140
141
142
143
144
145
146
150
152
155
156
158
159
160
161
166
169
177
178
183
184
185
187
189
194
196
198
201
202
203
204
205
206
209
210
213
214
215
216
217
218
219
220
221
224
225
226
228
232
234
235
237
240
247
248
249
250
253
254
256
259
260
262
265
267
274
276
278
287
289
291
294
295
296
297
298
299
301
302
303
305
306
308
309
314
315
319
321
323
324
326
327
328
329
330
334
335
336
339
340
341
342
344
346
348
350
351
352
355
358
360
361
362
364
365
371
372
375
376
377
380
381
382
384
386
390
391
393
394
395
398
400
403
407
411
413
414
415
416
417
422
424
427
437
441
444
445
446
447
451
453
454
458
459
460
462
466
469
471
472
473
476
478
481
482
484
485
486
488
489
490
492
493
495
497
501
502
504
505
510
511
513
514
515
516
517
519
522
525
526
527
528
529
532
533
535
536
537
538
540
542
543
544
545
546
550
551
553
554
558
559
560
562
564
565
566
568
570
572
573
576
579
580
581
583
584
585
586
589
591
597
600
608
611
614
620
621
622
623
624
625
626
629
632
633
634
635
636
640
644
649
650
655
662
664
666
667
669
671
674
676
679
681
685
686
687
689
690
693
694
695
697
698
699
703
706
707
708
712
713
714
717
718
721
723
726
729
731
732
734
735
736
737
738
740
745
746
748
749
753
755
756
758
763
765
766
767
770
771
774
776
778
779
781
783
784
785
789
791
792
793
794
798
799
802
803
804
807
808
810
812
813
815
816
817
818
819
820
824
825
831
835
836
837
838
840
841
842
843
846
849
850
851
852
855
856
858
860
862
864
865
866
868
869
870
871
872
875
876
878
879
880
884
886
889
893
895
896
898
899
900
901
904
905
910
912
913
914
917
921
922
923
926
928
930
933
934
936
939
940
943
948
949
950
951
954
955
958
959
960
961
965
966
973
974
975
979
982
985
988
989
992
993
995
996
998
999
1000
1003
1006
1007
1011
1012
1014
1016
1018
1024
1027
1029
1035
1036
1037
1040
1041
1042
1043
1046
1047
1048
1055
1057
1059
1060
1062
1067
1068
1071
1073
1077
1078
1079
1081
1082
1089
1094
1096
1098
1099
1101
1104
1107
1110
1111
1112
1114
1115
1119
1121
1122
1126
1133
1134
1135
1137
1138
1139
1141
1142
1145
1147
1148
1149
1150
1154
1155
1156
1157
1159
1161
1164
1165
1167
1169
1174
1176
1177
1180
1184
1186
1188
1189
1190
1191
1192
1195
1196
1197
1198
1199
1202
1203
1204
1205
1206
1207
1208
1210
1211
1212
1214
1215
1218
1219
1220
1224
1225
1226
1227
1230
1232
1234
1236
1238
1241
1243
1247
1253
1254
1255
1256
1257
1260
1261
1262
1263
1267
1269
1271
1273
1274
1275
1276
1278
1282
1284
1285
1286
1287
1290
1292
1293
1294
1296
1299
1302
1304
1305
1306
1308
1312
1313
1314
1315
1316
1317
1318
1320
1322
1326
1329
1330
1333
1336
1337
1339
1340
1343
1344
1345
1346
1347
1349
1350
1351
1354
1355
1356
1357
1360
1363
1364
1365
1366
1368
1369
1371
1375
1376
1379
1382
1383
1384
1385
1387
1389
1391
1392
1393
1395
1397
1400
1401
1402
1403
1404
1405
1408
1410
1411
1415
1417
1418
1420
1422
1425
1430
1431
1432
1437
1438
1440
1441
1444
1448
1449
1450
1454
1456
1457
1460
1461
1465
1466
1469
1473
1477
1478
1482
1484
1486
1488
1494
1497
1500
1501
1502
1504
1507
1508
1509
1513
1514
1517
1518
1520
1521
1522
1524
1527
1528
1529
1535
1536
1537
1538
1541
1544
1546
1550
1554
1555
1560
1561
1563
1564
1565
1569
1572
1574
1576
1577
1580
1585
1589
1590
1591
1592
1593
1594
1600
1602
1603
1610
1612
1617
1618
1622
1623
1625
1628
1631
1633
1639
1641
1642
1643
1644
1646
1647
1649
1651
1652
1654
1655
1656
1658
1660
1661
1664
1665
1666
1668
1671
1673
1678
1679
1681
1683
1685
1687
1688
1689
1690
1691
1694
1696
1701
1703
1706
1707
1708
1711
1713
1714
1715
1717
1718
1722
1725
1726
1727
1731
1734
1735
1739
1745
1746
1748
1751
1754
1757
1761
1762
1763
1764
1765
1766
1769
1770
1774
1776
1779
1780
1781
1782
1784
1785
1788
1793
1794
1795
1797
1799
1803
1804
1806
1807
1809
1812
1814
1815
1816
1817
1818
1819
1821
1822
1827
1829
1830
1832
1835
1836
1837
1838
1839
1840
1841
1843
1845
1848
1849
1850
1851
1853
1854
1857
1858
1862
1864
1865
1870
1874
1876
1881
1882
1883
1884
1888
1890
1891
1892
1893
1894
1895
1897
1903
1904
1906
1909
1911
1912
1914
1915
1917
1919
1921
1923
1924
1925
1926
1927
1928
1929
1934
1935
1936
1937
1938
1939
1940
1941
1942
1943
1944
1945
1952
1953
1954
1956
1957
1959
1960
1961
1962
1963
1966
1967
1968
1969
1971
1972
1974
1977
1980
1981
1982
1983
1985
1988
1989
1991
1994
1995
2002
2004
2005
2008
2010
2016
2018
2019
2020
2021
2025
