2
3
5
7
8
11
12
13
17
18
19
20
23
27
28
29
30
31
32
37
41
42
43
44
45
47
48
50
52
53
59
61
63
66
67
68
70
71
72
73
75
76
78
79
80
83
89
92
97
98
99
101
102
103
105
107
108
109
110
112
113
114
116
117
120
124
125
127
128
130
131
137
138
139
147
148
149
151
153
154
157
162
163
164
165
167
168
170
171
172
173
174
175
176
179
180
181
182
186
188
190
191
192
193
195
197
199
200
207
208
211
212
222
223
227
229
230
231
233
236
238
239
241
242
243
244
245
246
251
252
255
257
258
261
263
264
266
268
269
270
271
272
273
275
277
279
280
281
282
283
284
285
286
288
290
292
293
300
304
307
310
311
312
313
316
317
318
320
322
325
331
332
333
337
338
343
345
347
349
353
354
356
357
359
363
366
367
368
369
370
373
374
378
379
383
385
387
388
389
392
396
397
399
401
402
404
405
406
408
409
410
412
418
419
420
421
423
425
426
428
429
430
431
432
433
434
435
436
438
439
440
442
443
448
449
450
452
455
456
457
461
463
464
465
467
468
470
474
475
477
479
480
483
487
491
494
496
498
499
500
503
506
507
508
509
512
518
520
521
523
524
530
531
534
539
541
547
548
549
552
555
556
557
561
563
567
569
571
574
575
577
578
582
587
588
590
592
593
594
595
596
598
599
601
602
603
604
605
606
607
609
610
612
613
615
616
617
618
619
627
628
630
631
637
638
639
641
642
643
645
646
647
648
651
652
653
654
656
657
658
659
660
661
663
665
668
670
672
673
675
677
678
680
682
683
684
688
691
692
696
700
701
702
704
705
709
710
711
715
716
719
720
722
724
725
727
728
730
733
739
741
742
743
744
747
750
751
752
754
757
759
760
761
762
764
768
769
772
773
775
777
780
782
786
787
788
790
795
796
797
800
801
805
806
809
811
814
821
822
823
826
827
828
829
830
832
833
834
839
844
845
847
848
853
854
857
859
861
863
867
873
874
877
881
882
883
885
887
888
890
891
892
894
897
902
903
906
907
908
909
911
915
916
918
919
920
924
925
927
929
931
932
935
937
938
941
942
944
945
946
947
952
953
956
957
962
963
964
967
968
969
970
971
972
976
977
978
980
981
983
984
986
987
990
991
994
997
1001
1002
1004
1005
1008
1009
1010
1013
1015
1017
1019
1020
1021
1022
1023
1025
1026
1028
1030
1031
1032
1033
1034
1038
1039
1044
1045
1049
1050
1051
1052
1053
1054
1056
1058
1061
1063
1064
1065
1066
1069
1070
1072
1074
1075
1076
1080
1083
1084
1085
1086
1087
1088
1090
1091
1092
1093
1095
1097
1100
1102
1103
1105
1106
1108
1109
1113
1116
1117
1118
1120
1123
1124
1125
1127
1128
1129
1130
1131
1132
1136
1140
1143
1144
1146
1151
1152
1153
1158
1160
1162
1163
1166
1168
1170
1171
1172
1173
1175
1178
1179
1181
1182
1183
1185
1187
1193
1194
1200
1201
1209
1213
1216
1217
1221
1222
1223
1228
1229
1231
1233
1235
1237
1239
1240
1242
1244
1245
1246
1248
1249
1250
1251
1252
1258
1259
1264
1265
1266
1268
1270
1272
1277
1279
1280
1281
1283
1288
1289
1291
1295
1297
1298
1300
1301
1303
1307
1309
1310
1311
1319
1321
1323
1324
1325
1327
1328
1331
1332
1334
1335
1338
1341
1342
1348
1352
1353
1358
1359
1361
1362
1367
1370
1372
1373
1374
1377
1378
1380
1381
1386
1388
1390
1394
1396
1398
1399
1406
1407
1409
1412
1413
1414
1416
1419
1421
1423
1424
1426
1427
1428
1429
1433
1434
1435
1436
1439
1442
1443
1445
1446
1447
1451
1452
1453
1455
1458
1459
1462
1463
1464
1467
1468
1470
1471
1472
1474
1475
1476
1479
1480
1481
1483
1485
1487
1489
1490
1491
1492
1493
1495
1496
1498
1499
1503
1505
1506
1510
1511
1512
1515
1516
1519
1523
1525
1526
1530
1531
1532
1533
1534
1539
1540
1542
1543
1545
1547
1548
1549
1551
1552
1553
1556
1557
1558
1559
1562
1566
1567
1568
1570
1571
1573
1575
1578
1579
1581
1582
1583
1584
1586
1587
1588
1595
1596
1597
1598
1599
1601
1604
1605
1606
1607
1608
1609
1611
1613
1614
1615
1616
1619
1620
1621
1624
1626
1627
1629
1630
1632
1634
1635
1636
1637
1638
1640
1645
1648
1650
1653
1657
1659
1662
1663
1667
1669
1670
1672
1674
1675
1676
1677
1680
1682
1684
1686
1692
1693
1695
1697
1698
1699
1700
1702
1704
1705
1709
1710
1712
1716
1719
1720
1721
1723
1724
1728
1729
1730
1732
1733
1736
1737
1738
1740
1741
1742
1743
1744
1747
1749
1750
1752
1753
1755
1756
1758
1759
1760
1767
1768
1771
1772
1773
1775
1777
1778
1783
1786
1787
1789
1790
1791
1792
1796
1798
1800
1801
1802
1805
1808
1810
1811
1813
1820
1823
1824
1825
1826
1828
1831
1833
1834
1842
1844
1846
1847
1852
1855
1856
1859
1860
1861
1863
1866
1867
1868
1869
1871
1872
1873
1875
1877
1878
1879
1880
1885
1886
1887
1889
1896
1898
1899
1900
1901
1902
1905
1907
1908
1910
1913
1916
1918
1920
1922
1930
1931
1932
1933
1946
1947
1948
1949
1950
1951
1955
1958
1964
1965
1970
1973
1975
1976
1978
1979
